00788449
00298888
00464925
00563924
00861690
00043430
00579936
00130864
00894542
00055575
00610548
00184790
00722690
00654139
00050520
00256514
00388799
00756641
00401367
00050446
00301062
00094544
00548213
00980241
00010111
00373351
00768461
00579235
00824252
00082703
00532012
00352687
00032795
00065079
00989402
00361954
00823786
00865922
00308459
00070788
00961053
00606013
00131661
00604882
00299601
00525847
00264381
00676105
00351852
00876321
00229260
00206376
00735181
00572095
00305674
00691902
00272509
00779074
00363627
00694672
00214982
00978350
00311417
00215870
00081523
00419857
00417409
00455421
00037008
00064230
00820033
00457504
00585252
00126039
00933865
00105983
00820906
00642035
00541894
00969037
00304120
00700951
00086197
00627209
00582110
00779015
00812745
00261287
00790611
00022793
00351484
00055900
00482528
00572613
00469743
00137404
00065744
00238818
00962470
00466988
00685659
00101665
00320510
00321198
00493658
00178269
00705726
00790702
00814792
00815205
00660215
00179934
00639898
00217249
00359944
00309684
00895160
00206160
00494095
00193956
00310456
00938625
00624661
00861835
00809202
00299706
00842347
00986758
00852837
00230545
00978110
00424973
00557934
00604040
00426927
00600285
00725355
00811664
00826157
00466732
00744912
00262926
00102970
00856486
00190319
00944686
00715157
00609531
00476513
00022201
00172487
00464159
00494835
00129614
00420707
00335067
00963721
00079421
00635503
00699919
00571837
00933384
00220683
00503196
00612787
00932314
00714669
00724057
00009683
00052876
00584194
00721236
00711660
00724559
00542466
00012015
00181768
00215827
00207354
00038614
00500969
00063765
00577682
00313943
00516055
00224406
00579999
00740408
00171436
00347615
00822596
00076490
00314660
00074262
00506850
00933714
00698357
00987075
00183225
00107722
00471897
00234945
00773085
00433717
00328737
00083705
00929025
00871157
00918597
00017301
00943074
00895250
00267689
00738844
00360141
00026895
00131316
00811641
00519494
00061589
00097570
00030221
00316635
00308444
00367053
00707343
00444184
00789978
00418786
00422318
00570999
00773456
00274306
00046003
00537503
00900241
00476478
00748941
00221028
00461907
00762877
00955213
00314413
00461495
00380741
00815836
00040779
00598369
00564135
00553273
00232040
00613841
00370991
00992460
00951972
00106201
00286033
00454651
00972726
00659273
00637124
00225614
00571991
00835429
00487271
00152170
00026015
00736026
00224142
00844974
00200365
00556757
00186954
00760512
00772681
00481669
00519508
00984763
00332973
00398357
00935282
00693811
00354257
00804269
00144800
00081530
00685969
00622350
00743860
00511725
00115903
00738816
00334724
00072336
00879971
00935104
00501344
00367687
00613340
00152757
00067190
00855392
00553274
00576475
00484813
00671274
00624734
00566950
00913849
00316178
00527945
00644682
00396800
00051122
00534878
00801096
00709476
00219759
00895587
00658121
00096499
00987922
00708740
00223940
00195853
00314242
00571389
00471345
00684955
00336446
00450000
00101509
00167407
00880352
00289312
00103434
00280093
00524350
00980080
00362120
00230296
00268037
00054185
00826343
00517800
00162458
00875306
00422343
00360880
00970450
00388261
00484203
00300613
00267814
00829133
00510999
00645022
00315857
00035096
00402364
00137191
00106978
00187330
00529156
00790660
00708507
00765175
00256560
00815930
00729816
00958838
00137180
00422202
00269311
00437969
00118711
00578255
00462936
00570933
00451903
00380284
00712541
00123609
00284476
00280154
00759403
00052367
00126796
00086495
00860637
00568274
00422927
00387509
00911599
00989459
00282177
00684767
00470696
00523072
00426300
00036994
00629475
00379117
00952806
00599746
00888524
00234667
00692217
00254988
00282048
00959602
00655499
00260991
00522439
00271354
00081314
00149329
00422397
00218343
00595909
00955187
00494624
00241916
00079426
00654147
00762777
00674586
00155151
00790402
00519334
00389418
00358648
00745786
00510943
00775469
00490506
00937451
00496379
00967732
00670464
00222327
00725658
00418586
00125988
00707665
00649495
00569119
00973694
00869143
00981087
00313220
00457738
00114389
00326381
00484073
00355393
00899544
00620323
00371592
00203365
00878119
00539575
00746500
00599642
00390446
00695241
00410476
00405413
00814751
00286095
00368998
00728822
00701158
00389426
00664818
00884985
00872564
00516503
00783654
00318505
00684550
00499587
00677369
00642552
00791775
00771449
00182295
00127837
00499478
00865557
00753045
00858822
00784722
00961338
00529295
00024838
00289997
00544376
00516071
00588496
